place(16.893, 0.980, 24.710, "Cowboy", 450)
upgrade(16.893, 2.330, 24.710, 150)
place(19.448, 0.983, 24.344, "Cowboy", 450)
place(19.638, 0.984, 24.381, "Cowboy", 450)
upgrade(19.638, 2.334, 24.381, 150)
place(14.145, 0.976, 24.823, "Cowboy", 450)
upgrade(14.145, 2.326, 24.823, 150)
place(19.528, 0.986, 27.081, "Cowboy", 450)
upgrade(19.528, 2.336, 27.081, 150)
place(16.956, 0.982, 27.490, "Cowboy", 450)
upgrade(16.956, 2.332, 27.490, 150)
place(14.105, 0.979, 27.597, "Cowboy", 450)
upgrade(14.105, 2.329, 27.597, 150)
upgrade(19.528, 2.336, 27.081, 850)
upgrade(19.638, 2.334, 24.381, 850)
upgrade(16.956, 2.332, 27.490, 850)
upgrade(14.105, 2.329, 27.597, 850)
upgrade(14.145, 2.326, 24.823, 850)
upgrade(16.893, 2.330, 24.710, 850)
place(10.148, 0.967, 19.776, "DJ Booth", 850)
upgrade(10.148, 2.332, 19.776, 300)
upgrade(10.148, 2.332, 19.776, 1250)
SetDjTrack(10.148, 2.332, 19.776, "Green", 303)
upgrade(14.105, 2.329, 27.597, 3000)
upgrade(14.145, 2.326, 24.823, 3000)
upgrade(16.893, 2.330, 24.710, 3000)
upgrade(19.638, 2.334, 24.381, 3000)
upgrade(19.528, 2.336, 27.081, 3000)
upgrade(16.956, 2.332, 27.490, 3000)
upgrade(10.148, 2.332, 19.776, 3000)
DropTheBeat(10.148, 2.332, 19.776, 1873)
upgrade(14.105, 2.329, 27.597, 5500)
DropTheBeat(10.148, 2.332, 19.776, 3105)
upgrade(14.145, 2.326, 24.823, 5500)
upgrade(16.893, 2.330, 24.710, 5500)
DropTheBeat(10.148, 2.332, 19.776, 3818)
upgrade(16.956, 2.332, 27.490, 5500)
upgrade(19.638, 2.334, 24.381, 5500)
upgrade(19.528, 2.336, 27.081, 5500)
DropTheBeat(10.148, 2.332, 19.776, 2234)
upgrade(10.148, 2.332, 19.776, 8000)
place(11.608, 4.087, 8.627, "Ranger", 4500)
place(11.627, 4.078, 8.649, "Ranger", 4500)
upgrade(11.627, 5.428, 8.649, 1500)
DropTheBeat(10.148, 2.332, 19.776, 1641)
place(14.292, 4.410, 6.937, "Ranger", 4500)
upgrade(14.292, 5.760, 6.937, 1500)
place(8.613, 4.232, 7.831, "Ranger", 4500)
upgrade(8.613, 5.582, 7.831, 1500)
place(10.925, 4.479, 5.721, "Ranger", 4500)
place(10.723, 4.484, 5.635, "Ranger", 4500)
upgrade(10.723, 5.834, 5.635, 1500)
DropTheBeat(10.148, 2.332, 19.776, 2640)
place(13.510, 4.319, 3.818, "Ranger", 4500)
upgrade(13.510, 5.669, 3.818, 1500)
place(5.816, 4.577, 6.259, "Ranger", 4500)
upgrade(5.816, 5.927, 6.259, 1500)
place(7.925, 4.486, 4.014, "Ranger", 4500)
upgrade(7.925, 5.836, 4.014, 1500)
place(2.928, 4.945, 5.170, "Ranger", 4500)
upgrade(2.928, 6.295, 5.170, 1500)
DropTheBeat(10.148, 2.332, 19.776, 1619)
upgrade(14.145, 2.326, 24.823, 12500)
upgrade(14.105, 2.329, 27.597, 12500)
DropTheBeat(10.148, 2.332, 19.776, 3547)
upgrade(16.956, 2.332, 27.490, 12500)
upgrade(16.893, 2.330, 24.710, 12500)
DropTheBeat(10.148, 2.332, 19.776, 549)
upgrade(14.292, 5.760, 6.937, 5500)
upgrade(13.510, 5.669, 3.818, 5500)
upgrade(7.925, 5.836, 4.014, 5500)
upgrade(10.723, 5.834, 5.635, 5500)
DropTheBeat(10.148, 2.332, 19.776, 3131)
upgrade(8.613, 5.582, 7.831, 5500)
upgrade(11.627, 5.428, 8.649, 5500)
upgrade(5.816, 5.927, 6.259, 5500)
place(4.821, 4.605, 2.760, "Ranger", 4500)
upgrade(2.928, 6.295, 5.170, 5500)
DropTheBeat(10.148, 2.332, 19.776, 6412)
upgrade(10.148, 2.332, 19.776, 20000)
upgrade(19.528, 2.336, 27.081, 12500)
DropTheBeat(10.148, 2.332, 19.776, 6781)
upgrade(19.638, 2.334, 24.381, 12500)
upgrade(14.292, 5.760, 6.937, 15750)
SetDjTrack(10.148, 2.332, 19.776, "Red", 1410)
DropTheBeat(10.148, 2.332, 19.776, 1410)
SetDjTrack(10.148, 2.332, 19.776, "Green", 8898)
DropTheBeat(10.148, 2.332, 19.776, 14102)
upgrade(8.613, 5.582, 7.831, 15750)
upgrade(11.627, 5.428, 8.649, 15750)
DropTheBeat(10.148, 2.332, 19.776, 9334)
SetDjTrack(10.148, 2.332, 19.776, "Red", 14295)
upgrade(7.925, 5.836, 4.014, 15750)
upgrade(5.816, 5.927, 6.259, 15750)
DropTheBeat(10.148, 2.332, 19.776, 7268)
upgrade(2.928, 6.295, 5.170, 15750)
upgrade(10.723, 5.834, 5.635, 15750)
upgrade(13.510, 5.669, 3.818, 15750)
upgrade(13.510, 5.669, 3.818, 25000)
DropTheBeat(10.148, 2.332, 19.776, 1050)
upgrade(2.928, 6.295, 5.170, 25000)
upgrade(5.816, 5.927, 6.259, 25000)
upgrade(7.925, 5.836, 4.014, 25000)
DropTheBeat(10.148, 2.332, 19.776, 17559)
upgrade(10.723, 5.834, 5.635, 25000)
upgrade(13.510, 5.669, 3.818, 30299)
upgrade(14.292, 5.760, 6.937, 25000)
DropTheBeat(10.148, 2.332, 19.776, 7299)
SetDjTrack(10.148, 2.332, 19.776, "Purple", 10799)
DropTheBeat(10.148, 2.332, 19.776, 10799)
place(10.657, 0.932, 11.102, "Accelerator", 7500)
upgrade(10.657, 2.282, 11.102, 2000)
upgrade(10.657, 2.282, 11.102, 6000)
upgrade(10.657, 2.282, 11.102, 9999)
SetDjTrack(10.148, 2.332, 19.776, "Red", 13200)
DropTheBeat(10.148, 2.332, 19.776, 14200)
place(6.936, 0.916, 10.664, "Accelerator", 7500)
upgrade(6.936, 2.266, 10.664, 2000)
upgrade(6.936, 2.266, 10.664, 6000)
upgrade(6.936, 2.266, 10.664, 9999)
upgrade(6.936, 2.266, 10.664, 27500)
DropTheBeat(10.148, 2.332, 19.776, 32691)
place(2.791, 0.905, 10.028, "Accelerator", 7500)
upgrade(2.791, 2.255, 10.028, 2000)
upgrade(2.791, 2.255, 10.028, 6000)
upgrade(2.791, 2.255, 10.028, 9999)
upgrade(2.791, 2.255, 10.028, 27500)
place(0.079, 0.918, 7.719, "Accelerator", 7500)
upgrade(0.079, 2.268, 7.719, 2000)
upgrade(0.079, 2.268, 7.719, 6000)
upgrade(0.079, 2.268, 7.719, 9999)
DropTheBeat(10.148, 2.332, 19.776, 22352)
upgrade(0.079, 2.268, 7.719, 27500)
place(4.376, 0.919, 13.249, "Accelerator", 7500)
upgrade(4.376, 2.269, 13.249, 2000)
upgrade(4.376, 2.269, 13.249, 6000)
upgrade(4.376, 2.269, 13.249, 9999)
upgrade(4.376, 2.269, 13.249, 27500)
DropTheBeat(10.148, 2.332, 19.776, 11840)
DropTheBeat(10.148, 2.332, 19.776, 17680)
upgrade(10.657, 2.282, 11.102, 27500)
DropTheBeat(10.148, 2.332, 19.776, 44655)
upgrade(2.791, 2.255, 10.028, 60000)
DropTheBeat(10.148, 2.332, 19.776, 54043)
upgrade(0.079, 2.268, 7.719, 60000)
place(-11.808, 0.966, -0.341, "Minigunner", 1850)
upgrade(-11.808, 2.316, -0.341, 400)
upgrade(-11.808, 2.316, -0.341, 1500)
upgrade(-11.808, 2.316, -0.341, 7000)
upgrade(-11.808, 2.316, -0.341, 15500)
upgrade(-11.808, 2.316, -0.341, 4655)
upgrade(-11.808, 2.316, -0.341, 32155)
DropTheBeat(10.148, 2.332, 19.776, 16655)
upgrade(4.376, 2.269, 13.249, 60000)
DropTheBeat(10.148, 2.332, 19.776, 10501)
upgrade(6.936, 2.266, 10.664, 60000)
upgrade(10.657, 2.282, 11.102, 60000)
place(1.041, 0.926, 12.924, "Minigunner", 1850)
upgrade(1.041, 2.276, 12.924, 400)
upgrade(1.041, 2.276, 12.924, 1500)
upgrade(1.041, 2.276, 12.924, 7000)
upgrade(1.041, 2.276, 12.924, 15500)
place(-1.282, 0.910, 10.789, "Minigunner", 1850)
upgrade(-1.282, 2.260, 10.789, 400)
upgrade(-1.282, 2.260, 10.789, 1500)
upgrade(-1.282, 2.260, 10.789, 7000)
upgrade(-1.282, 2.260, 10.789, 15500)
place(-1.976, 0.931, 5.060, "Minigunner", 1850)
DropTheBeat(10.148, 2.332, 19.776, 21918)
upgrade(-1.976, 2.281, 5.060, 400)
upgrade(-1.976, 2.281, 5.060, 1500)
upgrade(-1.976, 2.281, 5.060, 7000)
upgrade(-1.976, 2.281, 5.060, 15500)
place(-3.415, 0.923, 8.114, "Minigunner", 1850)
upgrade(-3.415, 2.273, 8.114, 400)
upgrade(-3.415, 2.273, 8.114, 1500)
upgrade(-3.415, 2.273, 8.114, 7000)
upgrade(-3.415, 2.273, 8.114, 15500)
place(-2.607, 0.929, 13.891, "Minigunner", 1850)
upgrade(-2.607, 2.279, 13.891, 400)
upgrade(-2.607, 2.279, 13.891, 1500)
upgrade(-2.607, 2.279, 13.891, 7000)
upgrade(-2.607, 2.279, 13.891, 15500)
upgrade(-2.607, 2.279, 13.891, 28478)
DropTheBeat(10.148, 2.332, 19.776, 32985)
upgrade(8.613, 5.582, 7.831, 25000)
upgrade(11.627, 5.428, 8.649, 25000)
upgrade(14.292, 5.760, 6.937, 39562)
DropTheBeat(10.148, 2.332, 19.776, 28312)
upgrade(13.510, 5.669, 3.818, 35312)
place(-4.433, 0.915, 10.942, "Minigunner", 1850)
upgrade(-4.433, 2.265, 10.942, 400)
upgrade(-4.433, 2.265, 10.942, 1500)
upgrade(-4.433, 2.265, 10.942, 7000)
upgrade(-4.433, 2.265, 10.942, 15500)
place(-11.187, 0.954, 2.792, "Minigunner", 1850)
upgrade(-11.187, 2.304, 2.792, 400)
upgrade(-11.187, 2.304, 2.792, 1500)
upgrade(-11.187, 2.304, 2.792, 7000)
upgrade(-11.187, 2.304, 2.792, 15500)
upgrade(-11.187, 2.304, 2.792, 10782)
place(-11.274, 0.941, 6.534, "Minigunner", 1850)
upgrade(-11.274, 2.291, 6.534, 400)
upgrade(-11.274, 2.291, 6.534, 1500)
upgrade(-11.274, 2.291, 6.534, 7000)
upgrade(-11.274, 2.291, 6.534, 15500)
upgrade(-11.274, 2.291, 6.534, 4595)
place(-10.271, 0.916, 13.431, "Minigunner", 1850)
upgrade(-10.271, 2.266, 13.431, 400)
upgrade(-10.271, 2.266, 13.431, 1500)
upgrade(-10.271, 2.266, 13.431, 7000)
upgrade(-10.271, 2.266, 13.431, 15500)
place(16.469, 0.975, 18.695, "Minigunner", 1850)
upgrade(16.469, 2.325, 18.695, 400)
upgrade(16.469, 2.325, 18.695, 1500)
upgrade(16.469, 2.325, 18.695, 7000)
upgrade(16.469, 2.325, 18.695, 15500)
place(19.917, 0.979, 18.712, "Minigunner", 1850)
upgrade(19.917, 2.329, 18.712, 400)
upgrade(19.917, 2.329, 18.712, 1500)
upgrade(19.917, 2.329, 18.712, 7000)
upgrade(19.917, 2.329, 18.712, 15500)
upgrade(19.917, 2.329, 18.712, 19684)
place(22.268, 0.968, 16.512, "Minigunner", 1850)
upgrade(22.268, 2.318, 16.512, 400)
upgrade(22.268, 2.318, 16.512, 1500)
upgrade(22.268, 2.318, 16.512, 7000)
upgrade(22.268, 2.318, 16.512, 15500)
place(13.508, 0.938, 13.496, "Minigunner", 1850)
upgrade(13.508, 2.288, 13.496, 400)
upgrade(13.508, 2.288, 13.496, 1500)
upgrade(13.508, 2.288, 13.496, 7000)
upgrade(13.508, 2.288, 13.496, 15500)
DropTheBeat(10.148, 2.332, 19.776, 37525)
DropTheBeat(10.148, 2.332, 19.776, 37525)
place(14.376, 0.953, 10.284, "Minigunner", 1850)
upgrade(14.376, 2.303, 10.284, 400)
upgrade(14.376, 2.303, 10.284, 1500)
upgrade(14.376, 2.303, 10.284, 7000)
upgrade(14.376, 2.303, 10.284, 15500)
place(17.261, 0.973, 8.388, "Minigunner", 1850)
upgrade(17.261, 2.323, 8.388, 400)
upgrade(17.261, 2.323, 8.388, 1500)
upgrade(17.261, 2.323, 8.388, 7000)
upgrade(17.261, 2.323, 8.388, 15500)
place(16.600, 0.955, 12.712, "Minigunner", 1850)
upgrade(16.600, 2.305, 12.712, 400)
upgrade(16.600, 2.305, 12.712, 1500)
upgrade(16.600, 2.305, 12.712, 7000)
upgrade(16.600, 2.305, 12.712, 15500)
place(17.936, 0.952, 15.532, "Minigunner", 1850)
upgrade(17.936, 2.302, 15.532, 400)
upgrade(17.936, 2.302, 15.532, 1500)
upgrade(17.936, 2.302, 15.532, 7000)
upgrade(17.936, 2.302, 15.532, 15500)
place(19.950, 0.970, 12.820, "Minigunner", 1850)
upgrade(19.950, 2.320, 12.820, 400)
upgrade(19.950, 2.320, 12.820, 1500)
upgrade(19.950, 2.320, 12.820, 7000)
upgrade(19.950, 2.320, 12.820, 15500)
DropTheBeat(10.148, 2.332, 19.776, 16234)
place(20.475, 0.981, 9.516, "Minigunner", 1850)
upgrade(20.475, 2.331, 9.516, 400)
upgrade(20.475, 2.331, 9.516, 1500)
upgrade(20.475, 2.331, 9.516, 7000)
upgrade(20.475, 2.331, 9.516, 15500)
DropTheBeat(10.148, 2.332, 19.776, 81714)
DropTheBeat(10.148, 2.332, 19.776, 81714)
DropTheBeat(10.148, 2.332, 19.776, 81714)
DropTheBeat(10.148, 2.332, 19.776, 163464)
DropTheBeat(10.148, 2.332, 19.776, 170951)
DropTheBeat(10.148, 2.332, 19.776, 170964)
sell(19.638, 2.334, 24.381)
sell(19.528, 2.336, 27.081)
sell(16.893, 2.330, 24.710)
sell(16.956, 2.332, 27.490)
sell(14.105, 2.329, 27.597)
DropTheBeat(10.148, 2.332, 19.776, 310569)
DropTheBeat(10.148, 2.332, 19.776, 310569)
sell(14.145, 2.326, 24.823)
place(-1.676, 0.940, 2.005, "Minigunner", 1850)
upgrade(-1.676, 2.290, 2.005, 400)
upgrade(-1.676, 2.290, 2.005, 1500)
upgrade(-1.676, 2.290, 2.005, 7000)
upgrade(-1.676, 2.290, 2.005, 15500)
upgrade(-1.676, 2.290, 2.005, 437240)
DropTheBeat(10.148, 2.332, 19.776, 462240)
DropTheBeat(10.148, 2.332, 19.776, 462240)
DropTheBeat(10.148, 2.332, 19.776, 462240)
place(11.333, 0.970, 0.900, "Minigunner", 1850)
upgrade(11.333, 2.320, 0.900, 400)
upgrade(11.333, 2.320, 0.900, 1500)
upgrade(11.333, 2.320, 0.900, 7000)
upgrade(11.333, 2.320, 0.900, 15500)
place(14.354, 0.980, 1.775, "Minigunner", 1850)
upgrade(14.354, 2.330, 1.775, 400)
upgrade(14.354, 2.330, 1.775, 1500)
upgrade(14.354, 2.330, 1.775, 7000)
upgrade(14.354, 2.330, 1.775, 15500)
DropTheBeat(10.148, 2.332, 19.776, 449680)
DropTheBeat(10.148, 2.332, 19.776, 449680)
DropTheBeat(10.148, 2.332, 19.776, 449680)
place(7.186, 0.959, -1.455, "Minigunner", 1850)
upgrade(7.186, 2.309, -1.455, 400)
upgrade(7.186, 2.309, -1.455, 1500)
upgrade(7.186, 2.309, -1.455, 7000)
upgrade(7.186, 2.309, -1.455, 15500)
place(2.883, 0.946, -1.836, "Minigunner", 1850)
upgrade(2.883, 2.296, -1.836, 400)
upgrade(2.883, 2.296, -1.836, 1500)
upgrade(2.883, 2.296, -1.836, 7000)
upgrade(2.883, 2.296, -1.836, 15500)
upgrade(2.883, 2.296, -1.836, 497180)
place(-1.019, 0.952, -1.588, "Minigunner", 1850)
upgrade(-1.019, 2.302, -1.588, 400)
upgrade(-1.019, 2.302, -1.588, 1500)
upgrade(-1.019, 2.302, -1.588, 7000)
DropTheBeat(10.148, 2.332, 19.776, 536430)
upgrade(-1.019, 2.302, -1.588, 15500)
